csp150
1 12 25
2
3 23 37
4
5 32
6 26
7
8 27
9
10
11
13 22
14
15 35 48
16 34 54
17 28
18 33 56
19 38
20 36
21 39
24 41
29 49 52
30 46_D 68 76
31 47
40 64
42 72
43 50
44 57
45 61
46 71
51 75
53 69
55 73 81
58 78
59 99
60 67 87
62 79 91
63 84
65 96
66
70
74
77 89 98 116_D 134
80 102 119
82
83 93 111
85 107
86 106_D 139
88 110 129
90 108 121
92 113
94 105
95 97 106 130
100 120
101 124
103 122 135
104 116 131
109 137
112 141
114 136
115 146
117 143
118 144
123 148
125 145
126 150
127
128 147
132
133
138 142
140
149
