csp150
1 12 25
2
3 23 37
4
5
6
7
8 27
9
10
11
13 22
14
15
16
17 26
18
19
20
21
24
28
80 102 119
82
83
84
85
94 105
95 97
99
109
110
86 106
91 114_D L 29 49 52
114 L 30 46
103 122 L 31
127 L 32
107 L 33
92 112 L 34 54
88 104 116 134 L 35
129 L 36 47
101 124 L 38
113 L 39
90 108 121 L 40
125 L 41
138 L 42 72
123 L 43
140 L 44 57
128 L 45 61
130 L 48
136 L 50
100 120 L 51 75
139 L 53 69
126 L 55 73 81
132 L 56 64_D 93 111
115 142 L 58
148 L 59
98 116_D 131 L 60 67 87
135 L 62 79
146 L 63
133 L 64
150 L 65 96
137 L 66
117 143 L 68 76
145 L 70
141 L 71
118 144 L 74
147 L 77 89
149 L 78
