csp150
1 12 25
2
3 23 37
4
5 32_D 44
6 26
7
8 27
9
10
11
13 22
14
15 32 44_D 57
16 34 54
17 28
18 33
19 38
20 36
21 39
24 41 52_D 82
29 49_D 52
30 53 69
31 47
35 48 62 79
40 64
42 72
43 49 56 66
45 61
46 71
50 76
51 75
55 73 81
58 78
59 99
60 67 87
63 84
65 96
68 80 102
70
74
77 89 98 116_D 134
83 93 111
85 102_D 119 132
86 106_D 139
88 110 129
90 108 121
91 114
92 113
94 105
95 97 106 130
100 120
101 124
103 122 135
104 116 131
107
109 137
112 141
115 146
117 143
118 144
123 148
125 145
126 150
127
128 149
133
136 147
138 142
140
