csp150
1 12 25
2
3 23 37
4
5
6
7
8 27
9
10
11
13 22
14
15
16
17 26
18
19
20
21
24
28
31
82
83
84
85
86 106
90 108
93 111
94 105
95 97
98
99
109
110
80 102 119
91 114 L 29 49 52
103 122 L 30
127 L 32
107 L 33
92 112 L 34 54
88 104 116 134 L 35
129 L 36 47
101 124 L 38
113 L 39
121 L 40
125 L 41
138 L 42 72
123 L 43
140 L 44 57
128 L 45 61
130 L 46 71
136 L 48
100 120 L 50
139 L 51 75
126 L 53 69
132 L 55 73 81
115 142 L 56 64
148 L 58
131 L 59
135 L 60
146 L 62 79
133 L 63
150 L 65 96
137 L 66
117 143 L 67 87
145 L 68 76
141 L 70
118 144 L 74
147 L 77 89
149 L 78
