csp250
1
2
3
4
5 37
6
7
8
9
10 35
11
12 21
13 41
14
15 36
16
17
18
19
20 28
22 31
23
24
25
26
27
29
30
32
33
34
119
120
124
128
136 162
137 148
140
143 168
144
146 173
147
153 178
154
192
118 155
116
123
133
95 127 165_D L 38
159 165 L 39
175 196 L 40
145 166 L 42
170 L 43
187 L 44 53
205 L 45
131 172 L 46
174 L 47
177 202 L 48
198 L 49
206 L 50
191 L 51
176 193 209 L 52 73
163 185 L 54 89 101
199 L 55
181 L 56
180 L 57
214 L 58
182 L 59
186 L 60 115
212 L 61
207 225 L 62
223 L 63
189 L 64
216 L 65 87 106
157 197 L 66
179 224 233 L 67 103 129
222 L 68
156 171 204 L 69 121
167 184 234 L 70
188 200 L 72
160 195 210 239 L 71 93
220 230 L 74
213 L 75
190 238 L 76 107
203 221 L 77 130
232 L 78 134 158
142 164 211 219_D L 79
169 219 L 80 139
236 L 81 96 135
208 L 82
226 L 83 117 150
235 L 84 141
217 L 85 132
218 L 86 125 151
247 L 88 109
215 L 90
194 227 L 91
201 237 L 92
228 L 94 114
246 L 97
183 231 L 98
229 L 99 149
242 L 100
249 L 102
250 L 104
240 L 105
245 L 108
241 L 110
243 L 112 122 161
244 L 111 152
248 L 113 126 138
