csp200
1 40
2 27
3 23
4 17 30
5 28 38 48
6
7 43
8 25 56
9 39
10 20
11 49
12 33 61
13 53
14 50
15 46 58
16 24 41
18 36_D 70 94
19
21 47
22 60
26 52
29 67 79
31
32 54
34
35 51 73
36 69
37 42 77
44 66
45 64 74 97
55
57 82
59
62 72 78
63 84 108 133
65 92
68 111
71 109
75 115
76 101 125
80 104 118
81 116
83 100 140
85 124
86 103
87 128
88 110 150
89
90 117 129
91
93 119
95 114 123 157
96
98 127 136
99 144
102 131 141
105 143
106 132 158_D 179
107 151
112 152
113 147
120
121 161 175
122 160
126
130 165
134 156
135 159
137 170
138 163
139 145_D 169 185
142 168 178 192
145 166 182
146 172 180 198
148
149 175_D 187
153 181
154 173
155 176
158 177
162 171
164 195
167 190
174
183
184
186
188
189
191
193
194
196
197
199
200
