csp250
1 10 35
2
3 28
4
5 37
6
7
8 43
9 26 56
11
12 21 50
13 41
14 27 62
15 40
16
17
18 45 70
19
20 33 46
22 31
23 49
24 42
25 44 53
29 38 51 63
30
32 57
34 59
36 48 52 74
39 60_D 112 119
47 65 87 106
54 89 101
55 68 85 132
58 71 93
60 115 147
61
64 72
66 69 121
67 103 129
73 140
75 105
76 107 159
77 130
78 136 162
79 142
80 139
81 96 135
82 102
83 117 150
84 141
86 125 151
88 109
90 153_D 186
91 134 158
92
94 114 154
95 127 165_D 210_D 239
97 146_D 173 206
98 120
99 149
100 143 168
104
108
110 124
111 152
113 126 138
116
118 155
122 161
123 153 178
128
131 172
133
137 148 177 202
144 191
145 166 214
146 174 223
156 171_D 201 237
157 197
160 195 216
163 185 232
164 211 219
165 208
167 184 236
169 218
170 217
171 204 247
175 196 213
176 193 209 224_D 245
179 224 233
180 240
181 235
182 238
183 231
187 221
188 200
189 242
190 234 250
192 210 241
194 227
198 226
199 228
203 222 246
205 220 230 249
207 225
212 244
215
229
243
248
