csp200
1 40
2 27
3 23 44
4 17 30
5 28 38 48
6
7 43
8 25 56
9 39
10 20
11 49
12 33 61
13 53
14 50
15 46 58
16 24 41
18 36
19
21 47
22 60
26 52
29 67 79
31 69
32 54
34
35 51 73
37 42 77
45 64 74 97
55
57 82
59
62 72 78
63 89
65 92
66 91
68 111
70 96
71 109
75 115
76 101 125
80 104 118
81 116
83 100 140
84 108 128
85 124
86 103
87 126
88 110 150
90 117 129
93 119
94 130
95 114 123 157
98 127 136
99 144
102 131 141
105 143
106 132
107 151
112 152
113 147
120
121 165
122 160
133 146 172 180
134 156 192
135 159
137 170
138 163
139 148
142 168 178 196
145 166 182
149 179 198
153 181
154 173
155 176
158 177
161 175 187
162 171
164 195
167 190
169 185
174
183
184
186
188
189
191
193
194
197
199
200
