csp200
1
2 27
3
4 17 30
5 28
6
7
8
9
10 20
11
12 33
13
14 48
15
16 24
18 36
19
21
22
23
25
26
29
32 54
35
105 143
106
107 151
108 128
112 147
113
122
126
130
133
134
34
150
152
154
155
157
98 127 136
102 131 141
135 162 L 31
121 161 L 37 42
148 L 38
153 L 39
146 172 L 40
97 116 149_D L 41
149 L 43
139 145 165 L 44
160 L 45
142 168 L 46 58
132 158 L 47
120 159 L 49
166 L 50
156 L 51 73
169 L 52
137 167 L 53
175 L 55
178 L 56
138 163 L 57 82
164 L 59
180 L 60
179 L 61
192 L 62 72 78
170 L 63 84
176 L 64
174 L 65 92
193 L 66 91
171 L 67 79
190 L 68 111
183 L 69
173 L 70 94
196 L 71 109
198 L 74 95 114 123
181 L 75 115
182 L 76 101 125
195 L 77
189 L 80 104 118
199 L 81
194 L 83 100
185 L 85 124
184 L 86 103
177 L 87
191 L 88 110 140
188 L 89
186 L 90 117 129
187 L 93 119
200 L 96
197 L 99 144
