csp350
1
2 56
3 31 45 65
4 41
5 28
6 18 46
7 58 88
8
9 32
10 33
11 72 76 127
12 48
13 68
14
15 49
16 61 83
17 75
19 59
20
21 60
22 55
23 52 86
24 51 67
25 50 93 113
26 74 114
27 63
29 62 89 108
30 78 142
34 84
35 100
36 106
37
38 79 162
39 110
40 66 90 136
42 53 91 139
43 87 119
44 122 155
47 73
54 129
57 85 146
64 140
69 104 131 160
70 107 124 169
71 126
77 102 116 149
80 103 143
81 137
82 130
92 178
94 158 176
95 179 201
96 144
97
98 181
99 152 200
101 123 187
105 128 183
109 175
111 163
112 168
115 195
117 132 177
118 151 184 194
120 171
121 165 193 206
125 173 185
133 199
134 182 219
135 156
138 204 248
141 186
145 172 217
147 205
148 203
150 214
153 202 226
154 192 209 216
157 210 222
159 180 227
161
164 224
166 191 249
167 221 244
170 213 230
174 229
188 251
189 234 266
190
196 233 281
197 231 246 280
198 261
207 259
208
211 257
212 269
215 262
218 263
220 250 276 308
223 284
225 237 273
228 265
232 301
235 256 300
236 307 314
238 304
239 275
240 283
241 254 297
242 294
243 299 343
245 288 310 330
247 311
252 279
253 291 345
255 306
258 320
260 322
264 329 350
267 323
268 328
270 315
271 295 338
272 324
274 318 334
277 316
278 333
282 342
285 302
286 336
287 296
289 327
290 339
292 346
293 321
298 319 348
303 325
305
309
312 331
313 349
317 335
326
332 347
337
340
341
344
