csp300
1 38 97 110
2 56 70
3 24 37 53 90
4
5 54 101
6
7
8 68
9 30
10 39 62 85
11 33 48 61
12 29 67
13 64
14 28
15 21 60 72
16
17 31 80 103
18 81
19
20 63 82
22 40
23 49
25 66_D 98 153
26 55 107
27 76
32
34 59 108
35
36 87 114
41
42 75 102
43
44 66 98_D 139
45 57 78 109
46
47 69
50 73 95
51 65 77 106
52
58 74 86 105
71 124 134
79 121 138
83 137 171
84 92 118
88 123 166
89 147
91 130 152_D 182
93 115
94 120 136 160
96 146
99 125 132 142_D 187
100 127 169
104 132_D 142 181
111 164
112 141 196
113 159
116 167
117 140 158
119 131 173
122 163
126 162
128 192
129 143 161 195
133 191
135 193
144 155 185
145 202
148
149 197 206
150
151 194
152 174 219
154 210
156 179 207
157 189
165 204 217_D 259
168 186 199
170
172 216
175 212
176 205
177 199_D 225 255 272
178 213
180
183 204_D 217 262
184 220 251
188 198 238_D 292
190 215 241
200 211 238
201 233
203 244
208 221 253
209 249
214 257
218 263 276
222 254 291
223 245 260
224 267 293
226 266
227 246 285
228 264
229 271
230 282
231 283
232 256
234 261 288
235 274
236 279 300
237
239
240 281
242 277
243
247 290
248 299
250 284
252
258 289
265
268
269 286
270
273 295
275
278
280
287
294
296
297
298
