csp350
1
2 56 88
3 31 45 65
4 41 83
5 28
6 18
7 58 79_D 154
8 68
9 32
10 33 73
11 72 76 127
12 48
13 67
14
15 49
16 61 82_D 130
17 75
19 59
20
21 60
22 55
23 52 86
24 51 61_D 82 135
25 50 84_D 161
26 74 112_D 170
27 63 102 116
29 62 89 108
30 78
34 84
35 100 155
36 106
37
38 79 162
39 110
40 69 104 131
42 53 91 139
43 87 119
44
46 114
47 77 111 159
54 125 173
57 85 146
64 140
66 90 136
70 107 124 169
71 126 165_D 185
80 99 163
81 137
92 178
93 113 149
94 158 176
95 179 201
96 144
97
98 181
101 123 187
103 143
105 128 183
109 175
112 168
115 195
117 132 177
118 151 184 194
120 171
121 165 193 206
122 142 156
129 192
133 199
134 182 219
138 204
141 186
145 172 217
147 205
148 203
150 214
152 200 227_D 287 296
153 202 226
157 210 222
160 197 231 246
164 224
166 191 249
167 221 244
174 229
180 227
188 251
189 234
190
196 233 281
198 261
207 259
208
209 216 267
211 257
212 269
213 230 270
215 262 319_D 345
218 263
220 250 276 308
223 284
225 237 273
228 265
232 290_D 340
235 256 292
236 307 314
238 304
239 275
240 283
241 254 297
242 294
243 299 343
245 288 310 330
247 311
248 268
252 279
253 291 350
255 306
258 320
260 322
264 318 334
266 315
271 295 338
272 324
274 318_D 335
277 316
278 333
280
282 342
285 302
286 336
289 327
290 339
293 321
298 319 348
300 323
301
303 325
305
309
312 331
313
317 328
326
329 349
332 347
337
341
344
346
