csp350
1
2
3
4 41
5 28
6 18
7 58
8
9 32
10
11
12 45 65
13
14
15
16
17 68 107
19
20
21 59
22 55
23
24 51 61
25 50 84
26 74
27 63
29
30 78 142
31
33
34
35 100
36
37
38 79
39 105
40
42 53
43 85
44
46 114
47 73
48
49
52 86
54
208
213
217
230
236
238
239
241 254
244
245
253
288
233 281 L 56
266 L 57
199 247 L 60
270 L 62
273 L 64
250 276 L 66 87
277 L 67 124
198 261 L 69
280 L 70
307 L 71 126
264 L 72 76 127
274 L 75
207 259 L 77 102 116 146
300 L 80 99
252 279 L 81 137
228 265 308 L 82 130
211 257 L 83 123 187
289 L 88
242 294 L 89 108
202 226 260 L 90
209 216 267 L 91 134
215 262 L 92
275 L 93 113
251 296_D L 94 158
287 296 L 95
258 L 96 144
293 L 97
224 283_D L 98
240 283 L 101
314 L 103
268 L 104
248 272 L 106
303 L 109 175
218 263 L 110
286 L 111 159
278 L 112 170
269 L 115
243 298 318 L 117 132 177
282 L 118
317 L 119
312 L 120 171
313 L 121 165 185
299 L 122
235 256 292 L 125 173
271 295 L 128
232 290 L 129
332 L 131
301 L 133 195
319 L 135 156
291 L 136
297 L 139
329 L 138 204
285 302 L 140
223 284 304_D L 141 186
304 L 143
311 L 145 172
343 L 147 205
310 330 L 148 203
255 306 L 149
305 L 151
345 L 150 214
316 L 152 200
315 L 153
309 L 154
325 L 155
338 L 157 210 222
350 L 160 197 231 246
324 L 161
334 L 162 182 219
321 L 163
333 L 164
331 L 166 191
339 L 167 221
320 L 168 225 237
336 L 169
322 L 174 229
328 L 176 220 249
340 L 178
341 L 179
346 L 180 227
323 L 181
326 L 183 212
342 L 184 194
327 L 188
337 L 190
335 L 189 234
344 L 192
349 L 193 206
347 L 196
348 L 201
