csp300
1
2 56
3 24 37 53
4
5
6
7
8 68
9 30
10 39 62 85
11
12 29
13
14 28
15 21 60 72
16
17 31 78
18
19
20
22 40
23 49
25
26 55
27 74 86 97
32
33 48 61
34 59
35
36
38
41
42 75 102
43
44 66 98
45 57
46
47 69
50
51
52
54 101
58
167
170
171
172
173
175
176 205
177
180
183
184 220
188 198
190 215
195
210
212
216
168 186 199
157 189
214 L 63
223 245 L 65
222 L 64
234 L 67
224 L 70
218 L 71
241 L 73
201 233 L 76
179 207 229 L 77
178 213 235 L 79
227 246 L 80 103
251 L 81
203 236 L 82
240 L 83
250 L 84 92
242 L 87
247 L 88 114
244 L 89
231 L 90
232 254 L 91
258 L 93 115
269 L 94 120
261 L 95
225 255 272 L 96
200 211 238 L 99
267 L 100 127 169
273 L 104
237 L 106
239 L 105
283 L 107
165 204 217_D 262 L 108
209 249 L 109
256 L 110
243 L 111 164
208 221 253 L 112 141 196
248 L 113 159
286 L 116 162
226 259 L 117
217 257 L 118
284 L 119
263 276 L 121
277 L 122 163
228 264 L 123 166
271 L 125 132 142_D 181
278 L 124
291 L 126
260 L 128 192
274 L 129
299 L 130 152_D 174 219
288 L 131
252 L 133 191
294 L 134 152 182
290 L 135 193
292 L 136 160
279 300 L 137
266 L 138
265 L 140 158
297 L 139
230 282 L 142 187
281 L 143 161
293 L 144 155 185
270 L 145 202
285 L 146
268 L 147
287 L 148
280 L 149 197 206
275 L 150
296 L 151 194
295 L 153
298 L 154
289 L 156
