csp300
1 38 97 110
2 56 70
3 24 47 69
4
5 54 101
6
7
8 68
9 30
10 39 62 85
11 41 93
12 29 67
13 64
14 28 82
15 21 60 72
16
17 31 80 103
18 81
19
20 63 73 95
22 40
23 49 71
25
26 55 107
27 76
32
33 48 61 77 106
34 59 108
35
36 84 92
37 53 91
42 75 102
43
44 66 98
45 57 78 109
46
50 83 130
51 65 88 114
52 87 112
58 74 86 105
79 121 138
89 137 171
90 111 177
94 120 136 160
96 146
99 125 132 141
100 127 169
104 139
113 164
115 145
116 167
117 140 158
118 183
119 131 173
122 163
123 166 196
124 134 152 182
126 162
128 192
129 143 161 200
133 191
135 193
142 181
144 155 185
147 203
148 195
149 197 206
150
151 194
153 187
154 210
156 179 207
157 189
159 201
165 211
168 186 199
170
172 216
174 219
175 212
176 205
178 213
180 202
184 220 251
188 198
190 215 244
204 217 262
208 221 253
209 249
214 257
218 263 276
222 254 291
223 245 260
224 267 293
225 255 272
226 259
227 246 285
228 264
229 271
230 282
231 283
232 256
233 278
234 261 288
235 274
236 279 300
237
238 292
239
240 281
241 266
242 277
243
247 290
248 299
250 284
252
258 289
265
268
269 286
270
273 295
275
280
287
294
296
297
298
