csp400
1
2 28
3 47
4
5
6
7 55
8 35
9 54
10
11
12
13
14 80
15 36
16 62
17 30
18
19
20 81
21 46
22 63
23 52
24
25 60
26
27
29 59
31
32
33
34
37
38 56
39 50
40
41
42 49
43
44
45 61
48 71
51
53 98
57
58
64
65
66
67 89
68
69
70
219 236 257
221
222
223 235
232 307
245 323
247 299
250
251
252
265
266
273
276
287
313
293 L 72
318 L 74
197 234 295 L 73
203 258 309 L 76
249 272 332 L 75
259 285 L 77 110
268 L 78
213 260 282 L 79
242 270 321 L 82
253 296 L 83
333 L 84 114
281 303 L 85 131
248 278 314 L 86
269 300 L 87 127
312 327 L 88 99
330 L 90
229 289 L 91
277 L 92 123
218 246 286 L 93
243 288 335 L 94
274 326 L 95 102 113
271 338 L 96
280 310 337 L 97
279 L 100
292 L 101 161
306 L 103
239 291 L 104
324 L 105
233 297 L 106 125 142 153 183
317 L 107
320 L 109
316 342 L 108
357 L 112 137 194
315 L 111
241 304 L 115
256 283 302 331 L 116
254 325 L 117
305 L 118
367 L 119 193
301 339 L 121
348 L 120 173 224
298 336 L 122 198
344 L 124 175
347 L 126 191 209
319 329 L 128 146
378 L 129 163 201
360 L 130 148
345 373 L 132 172
358 L 133 196 230
356 L 134
340 L 135 179 228
354 L 136 165
379 L 138
350 L 139 187
391 L 140 185
371 L 141
372 L 144
359 L 143 190
370 L 145 181 215
290 353 L 147 199 217 237
349 L 149
284 322 375 L 150 182 255
361 L 151 192 210
275 346 396 L 152
352 L 154 176 226
389 L 155 184 238
376 L 156
392 L 157 220
377 L 158 188 261
388 L 159 227
311 341 398 L 160
351 L 162
355 L 164 205 244
334 385 L 166
366 L 167
382 L 168
362 L 169 211
363 L 170
364 383 394 L 171 216
400 L 174 214
368 390 L 177
328 365 L 178 212
343 393 L 180 264
369 395 L 186
387 L 189 231
381 L 195
308 374 L 200 240
397 L 202
399 L 204 263
384 L 206 262
380 L 207 267
386 L 208 225 294
