csp400
1
2 34
3 69 94
4 57
5 82
6
7 55
8 28 87
9 54
10
11
12 43 103
13 65
14 80
15 36
16 67 89
17 30 90
18 79
19 66 83
20 84
21 47
22 63 117
23 52
24 81 100
25 60 88 99
26
27 53 98
29 59
31 62 111
32
33 75 86
35 106_D 125_D 142 153 183
37
38 56 78
39 50
40 91 105
41 77 112
42 51
44
45 61
46 101
48 71 104
49 106 125 145
58 113 166
64 107
68 97 127
70 114 137
72
73 95 102 116
74 110 141 167
76 98_D 156 178 213
85 131
92 121 168
93 162
96 128 146
108 139 187
109 119 193
115 169 211
118 201
120 173 224
122 198 245_D 323
123 204
124 175
126 191 209
129 163 194 221
130 148 181 215
132 172
133 196 230
134 222
135 179 228
136 165
138 155 184
140 185
143 190
144 189 231
147 199 217 237
149 164 205 242
150 182 255
151 192 210 229
152 161 252
154 176 226
157 220
158 188 261
159 227
160 244
170 238 276
171 216
174 214
177
180 264
186 212 275_D 346
195
197 234 295
200 247 299
202 223 235
203 258 309
206 262
207 260 282
208 225 294
218 246 286
219 236 257
232 307
233 297
239 291
240 285_D 343 393
241 313
243 288 335 357
245 322_D 381
248 278 314
249 273 298 336_D 397
250 304
251
253 296
254 329
256 283 312 327
259 287 339
263 340
265
266
267 318 345 373
268 350
269 300 347
270 321 352
271 338 356
272 332 348 391
274 326 371
275 349
277 353
279 359
280 310 337
281 303 363
284 322 375
285 351
289 361
290 360
292 367 385
293 354
301 344 392
302 331 387
305 379
306 358
308 374
311 341 398
315 382
316 342 377
317 362
319 336 399
320 368 390
324 364 383 394
325 376
328 365
330 372
333 355
334 388
366
369 395
370
378 396
380
384
386
389
400
