csp400
1
2 28 87_D 127
3 47
4 57
5 82
6
7 55
8 35
9 54
10
11
12 43 103
13 65
14 80
15 40 91
16 62
17 30 90
18 79
19 66 83
20 84
21 51
22 63
23 52
24 81
25 60 88 99
26
27 53 98
29 59
31 69 94
32
33 75 86
34
36 67 89 117
37
38 56 78
39 50
41 77 111
42 49 105
44
45 61
46 101
48 71 104
58 113 166
64 107
68 96 128_D 146
70 114 137
72 100 145
73 95 102 116
74 110 141 167
76 98_D 156 178 213
85 131
87 132 183
92 121 168
93 162
97 120 173
106 125 142 153 172
108 139 187
109 119 193
112 140 185
115 169 211
118 201
122 198 245_D 323
123 204
124 175
126 191 209
128 149 164 205 242
129 163 194 221
130 148 181 215
133 196 230
134 222
135 179 228
136 165
138 155 184
143 190
144 189 231
147 199 217 237
150 182 255
151 192 210 229
152 161 252
154 176 226
157 220
158 187_D 232 307
159 227
160 244
170 238 276
171 216
174 214
177 224 261
180 264
186 212 275_D 346
188 265
195
197 234 295
200 247 299
202 223 235
203 258 309
206 262
207 260 282
208 225 294
218 246 286
219 236 257 334_D 388
233 297
239 291
240 285_D 343 393
241 313
243 288 335 357
245 322_D 381
248 278 314
249 273 298 336_D 399
250 304
251 325
253 296 345_D 376
254 329
256 283 312 327
259 287 339
263 340
266
267 318 345 373
268 350
269 300 347
270 321 352
271 338 356
272 332 348 391
274 326 371
275 349
277 353
279 359
280 310 337
281 303 363
284 322 375
285 351
289 361
290 360
292 367 389
293 354
301 344 392
302 331 387
305 379
306 358
308 374
311 341 398
315 382
316 342 377
317 362
319 336 397
320 368 390
324 364 383 394
328 365
330 372
333 355
334 385
366
369 395
370
378 396
380
384
386
400
