csp450
1 76
2 67 79
3 30 46
4 77
5 58 137
6
7 50
8 68 109
9 51 114
10 54
11
12 28
13 41
14 45
15 93 143
16 39 89
17 95
18 43 121
19 55 91
20 52
21
22 40
23 63 124
24 47 87
25 33 80 119 155
26 73 117
27 69
29 48 110
31 81 130
32 78
34 99
35 62 103 174
36 70 96
37 116
38 125
42 60
44 127 167
49 132
53 97
56 136_D 192 234
57 123 152_D 175 216
59 102 173
61 144
64 122
65 101
66 126 187
71 88 118
72 94 145
74 135 166
75 108 148
82 107
83
84 105 162
85
86 119_D 159 243
90 163
92 136 192_D 240
98 156 176
100
104 153 184
106 140 170
111 165 228
112 138 183
113 139 207
115 186
120 196 226
128 202
129 161
131 147 192_D 246
133 169 261
134 189 198 250
141 178 233
142 222
146 199
149 193
150 206
151 160 239
152 181 271
154 232 249 274
157 172 244
158 235
164 211 257 299
168 227 272
171 205 295
177 204 245
179 248
180 200
182 268
185 264
188 225
190 282
191
194 258
195 255
197 224 283_D 340
201 266 300
203 277 320
208 265 326
209 247
210 288 301 339
212 303 342
213 292
214 269 318
215 241 287 312_D 385
217 293 333
218 275
219 294
220 263 305 331 357
221 285 341
223
229 273 304
230
231 311 332
236 260 291 370
237 254
238 283 334
242 270 350
251
252 316
253 308 366
256 325 363 380
259
262 298_D 355 441
267 346 375
276 297 378
278 352
279 329 354
280 327 393
281 309
284 296 317 353_D 416
286
289
290 335 364
298 349 369 404
302 394 424
306 344 372 421
307 392
310 406
312 384 417
313 382 418
314 367 429
315 368 398 444
319 356 439
321 413
322 401
323 362 381
324 360
328 399 426
330 414
336 379 420
337 409
338 410
343 388
345 407 440
347 428
348 397
351 434
353 411
358 431
359 425
361 383 412
365 437
371 386 436
373
374 449
376 419 443
377 400 415
387 408 427
389
390
391 432
395 450
396
402 447
403 430
405
422
423
433
435
438
442
445
446
448
