csp450
1 76
2 67 79
3 30 46
4 77
5
6
7
8 68
9
10
11
12
13 41
14 45
15 93 143
16 39
17
18
19 55 91
20 52
21
22 28
23 51
24 47
25 33 80 119 155
26 72 94
27 69
29 48
31 81
32 66
34
35 62
36
37
38
40
42 59
43 121
44
49 132
50
53
54
56
57
58
60
61
63 120
64
65 101
70
71 88
73
74 135
75
78
82 107
220 257 299
221
223
230
231 311 332
234 302
237 254
246
247
251
252
264
275
279 325
281 309
282
287
289
294
310
342
343
363
229 273 304
316 L 83
305 328 L 84
236 260 291 370 L 85
303 331 357 370_D L 86
377 L 87
307 L 89
242 270 350 L 90
238 283 334 L 92
262 298 349 369 L 95
376 L 96
348 L 97
259 322 L 98 156
366 L 99
387 L 100
338 L 103
330 L 102 173
295 321 L 104
312 384 L 106 140
380 L 105 162
284 296 317 353 L 108 148
313 382 L 109
336 379 L 110
391 L 111 165 228
224 283_D 340 L 112
290 335 364 L 113
399 L 114
263 306 344 372 L 115
324 360 L 116
347 L 117
285 341 375 L 118
351 L 122
371 386 L 123 152 175 216
253 308 354_D L 124
278 352 L 125
329 354 L 126 187
319 356 L 128 202
286 358 L 127
355 L 129
323 362 381 L 130
378 L 131 147
280 327 393 L 133 169
365 L 134 189
345 407 L 136 192 240
419 L 137
373 L 138 183
389 L 139 203
374 L 141 178 233
388 L 142
402 L 144
424 L 145
395 L 146 196 226 276
404 L 149
421 L 150 206
422 L 151 160 239
438 L 153
440 L 154 232 249 274
337 409 L 157 172 244
314 367 420 L 158 235
403 430 L 159 243
434 L 161
442 L 163
385 L 164 215 241
413 L 166 222
394 417 L 167
392 L 168 227 261
411 L 170
414 L 171 205
423 L 174
406 L 176
390 L 177
397 L 179 248
439 L 180
431 L 181
447 L 182 268
429 L 184
315 368 398 444 L 185
401 L 186
396 L 188 225
448 L 191
418 L 190 277
441 L 193
446 L 194 258
450 L 195 255
405 L 197
415 L 198 250 269 318
426 L 199
361 383 412 L 200
408 427 L 201 266 300
400 410 L 204 245
435 L 207 272
437 L 208 265 326
416 L 209
428 L 210 288 301 339
445 L 211 256 320
359 425 L 212 297
436 L 213 292
443 L 214 267 346
433 L 217 293 333
432 L 218 271
449 L 219
