csp450
1 76
2 67 79
3 30 46
4 77
5 58 137
6 91
7 56
8 68 109
9 51 114
10 54
11
12 28 100
13 41
14 45
15 93 143
16 39 84 105
17 95
18 57
19 55 99
20 52
21 90
22 43 121
23 63 124
24 47 87
25 33 80 119 155
26 72 94
27 69
29 48 110
31 81 123 152
32 78 117
34 104 153
35 62 103 167
36 70 96
37 116
38 125
40 131 147
42 60
44 130
49 132
50
53 89
59 102 173
61 144
64 122
65 101 133 174
66 126 187
71 88 118
73 120
74 135 166
75 108 148
82 107
83
85
86
92 136 192
97
98 156 175 216
106 140 170
111 165 228
112 134 189 211
113 139 207
115 186
127 162 191
128 202
129 161 227 261
138 190 282
141 178 233
142 222
145 196 226 276
146 199
149 193
150 206
151 160 239
154 224
157 172 244
158 235
159 243 288
163 242 280
164 215 241 290
168 232 249 274
169 263 306
171 205 295
176 240
177 204 245
179 248
180 200
181 271
182 268
183 264
184 213 292
185 256
188 225
194 258 329
195 255
197 218 275
198 250 281 309
201 266 300
203 277 320
208 265 326
209 247 318
210 284 296 317
212 297
214 267 346
217 293 333
219 294
220 257 299
221 279 325 363
223
229 273 304
230
231 311 332
234 302
236 260 291 370
237 254
238 283 334
246 301 339
251 330
252 316
253 308 366
259 343 391
262
269 324 360
270 351
272 342 386
278 352
285 341 375
286
287 312 384
289 350
298 349 369 404
303 344 372 421
305 331 357 380 424
307 392
310 406
313 382 418
314 367 429
315 368 398 444
319 356 439
321 413
322 401
323 362 381 446
327 394 417
328 399 426
335 364 431
336 379 420
337 409
338 414
340 410
345 407 440
347 428
348 397
353 416
354 436
355 441
358 434
359 425
361 383 412
365 437
371 388
373
374 449
376 419 443
377 400 415
378 445
385
387 408 427
389
390
393 432
395 450
396
402 447
403 430
405
411
422
423
433
435
438
442
448
