csp450
1 76
2 67 79
3 30 46
4 77
5 58 137
6
7 56
8 68 109
9 51 114
10 54
11
12 28 88 118
13 41
14 45
15 93 143
16 39 84 105
17 95
18 43 121
19 55 91
20 52
21
22 40
23 63 124
24 47 87
25 33 80 119
26 73 117
27 69
29 48 110
31 83
32 78
34 99
35 62 103 167
36 70 96
37 116
38 125
42 60
44 130
49 132
50
53 89
57 123 152_D 175 216
59 102 173
61 144
64 122
65 101 133 174
66 126 187
71 113 142
72 94 145
74 135
75 108 148
81 129 161
82 107
85
86 119_D 155 166 222
90 159
92 136 192
97
98 156 176
100
104 153 184
106 140 170
111 165 228
112 138 183
115 186
120 196 226
127 162 191
128 202
131 147 192_D 240
134 189 198 250
139 203
141 178 233
146 199
149 193
150 206
151 160 239
152 181 271
154 232 249 274
157 172 244
158 235
163 242 280
164 215 241 287
168 227 261
169 263
171 205 295
177 204 245
179 248
180 200
182 268
185 264
188 225
190 277
194 258 329
195 255
197 224 283_D 340
201 266 300
207 272
208 265 326
209 243 288 301 333
210 284 296 317
211 256 320
212
213 292
214 269 318
217 293 331 357
218 275
219 294
220 257 299
221 279 325
223
229 273 304
230
231 311 332
234 302
236 260 291 370
237 254
238 283 334
246 301_D 339 389
247
251
252 316
253 308 366
259 343 391
262 298_D 355 441
267 346
270 351
276 297 378
278 352
281 309
282 305 328 399
285 341 375
286 358_D 434
289 350
290 335 364
298 349 369 404
303 342 386
306 344 372 421
307 392
310 406
312 384 417
313 382 418
314 367 429
315 368 398 444
319 356 439
321 413
322 401
323 362 381
324 360
327 394 424
330 414
336 379 420
337 409
338 410
345 407 440
347 428
348 397
353 416
354 436
358 431
359 425
361 383 412
363 380 426
365 437
371 388
373
374 449
376 419 443
377 400 415
385
387 408 427
390
393 432
395 450
396
402 447
403 430
405
411
422
423
433
435
438
442
445
446
448
