csp500
1 35 75
2 31 99
3 47
4
5
6 18
7
8
9 14
10
11 58
12 45
13 80
15
16 56
17 43 88
19
20
21
22
23
24 73 124
25 42 72
26 100
27 44 65
28
29
30
32
33
34
36
37 46
38 71
39
40
41 55 127
48
49
50
51 123
52
53
54
57
59
60
61
62
63 87
64
257 273 345
258 351
67 135
262 316
263 353
297 391
301 334
304
306
307
315
318
323
327
331
332
336
341
343
348
349
350 355
364 381
274 298
261 292 386 L 66
333 371 L 68 138 211
303 388 L 69
299 346 L 70
362 L 74 145
289 369 L 76
264 305 352 380 L 77 130 168
357 L 78
320 414 L 79
253 281 387 L 81
365 379 L 82
290 368 L 83
286 354 416 L 84
399 L 85
400 419 L 86 110 173 220
259 311 382 L 89
277 376 L 90
291 389 L 91
374 L 92 150
344 415 L 93 121
363 L 94
421 L 95
358 L 97
435 L 96
367 390 L 98
394 L 101 156
440 L 102 131 163 174
319 372 L 103
308 361 411 L 104
375 L 105 122 152
383 411_D L 106
443 L 107
366 403 L 108
417 L 109 151
283 377 384 L 111 180
418 L 112
396 L 113
326 385 L 114
408 L 115 126 191
426 L 116
451 L 117
329 401 L 118
402 L 119
439 L 120
338 373 422 L 125 159
431 L 128
340 404 L 129 214
425 L 132 172
254 342 395_D L 133 185
339 406 L 134
395 L 136
428 L 137
359 409 L 139
335 393 L 140
397 L 141
247 268 293 322 360 413_D L 142 155 228
321 347 413 L 143 232 271
324 412 L 144
410 L 146 226 239
457 L 147
330 378 453 L 148
370 405 442 L 149 223
314 407 L 153
429 L 154 234 295
438 L 157
468 L 158
427 L 160 183
424 L 161 203 265
433 L 162
470 L 164
325 423 L 165
445 L 166
420 L 167
436 L 169
486 L 170
488 L 171
398 441 L 175
480 L 176
430 L 177 221 269 288
437 L 178
499 L 179
461 L 181 267
455 L 182 222 276 328
478 L 184 260 279
500 L 186
392 446 L 187
449 L 188 212 240 250
494 L 189
460 L 190
432 L 192 270
485 L 193 275
495 L 194
450 L 195
492 L 196
479 L 197
475 L 198 266
484 L 199
434 L 200
456 L 201 243 312
447 L 202 278
466 L 204
444 L 205
493 L 206 296
448 L 207 225 302
491 L 208 284
471 L 209
462 L 210 229 238 313
497 L 213
459 L 215
458 L 216 310
473 L 217
452 L 218 255
465 L 219 252
463 L 224 280 294
469 L 227
454 L 231
481 L 230 300 356
476 L 233 282
477 L 235 337
472 L 236
464 L 237
474 L 241 285
490 L 242
467 L 244
487 L 245 309
482 L 246
498 L 248
483 L 249 287
489 L 251 272
496 L 256 317
