csp500
1 35 75
2 31 99
3 47
4
5
6 18
7
8
9 14
10
11 58
12 45
13 80
15
16 56
17 43 88
19
20
21
22
23 61
24 73 124
25 42 72
26 96
27 44 65
28
29
30
32
33
34
36
37 46
38 71
39
40
41 55 127
48
49
50
51 123
52
53
54
57
59
60
62
63 87
64
67 135
258 351
262 316
263 353
274 298
297 391
301 334
304
306
307
315
318
323
327
332
336
341
343
348
349
350 355
364 381
257 273 345
261 292 386 L 66
333 371 L 68 138 211
303 388 L 69
299 346 L 70
362 L 74 145
289 369 L 76
264 305 352 380 L 77 130 168
357 L 78
320 414 L 79
253 281 387 L 81
365 379 L 82
290 368 L 83
331 398 L 84
286 354 416 L 85
399 L 86 110 173 220
400 419 L 89
259 311 382 L 90
277 376 L 91
291 389 L 92 150
374 L 93 121
344 415 L 94
363 L 95
421 L 97
358 L 98
435 L 100
367 390 L 102 131 163 174
394 L 101 156
440 L 103
319 372 L 104
308 361 411 L 105 122 152
375 L 106
383 411_D L 107
443 L 108
366 403 L 109 151
417 L 111 180
283 377 384 L 112
418 L 114
396 L 113
326 385 L 115 126 191
408 L 116
426 L 117
451 L 118
329 401 L 119
402 L 120
439 L 125 159
338 373 422 L 128
431 L 129 214
340 404 L 132 172
425 L 133 185
254 342 395_D L 134
339 406 L 136
395 L 137
428 L 139
359 409 L 140
335 393 L 141
397 L 142 155 228
247 268 293 322 360 413_D L 143 232 271
321 347 413 L 144
324 412 L 146
410 L 147
457 L 148
330 378 453 L 149 223
370 405 442 L 154 234 295
314 407 L 153
429 L 157
438 L 158
468 L 160 183
427 L 161 203 265
424 L 162
433 L 164
470 L 165
325 423 L 166
445 L 167
420 L 169
436 L 170
486 L 171
488 L 175
441 L 176
480 L 177 221 269 288
430 L 178
437 L 179
499 L 181 267
461 L 182 222 276 328
455 L 184 260 279
478 L 186
500 L 187
392 446 L 188 212 240 250
449 L 189
494 L 190
460 L 192 270
432 L 193 275
485 L 194
495 L 195
450 L 196
492 L 197
479 L 198 266
475 L 199
484 L 200
434 L 201 243 312
456 L 202 278
447 L 204
466 L 205
444 L 206 296
493 L 207 225 302
448 L 208 284
491 L 209
471 L 210 229 238 313
462 L 213
497 L 216 310
459 L 215
458 L 217
473 L 218 255
452 L 219 252
465 L 224 280 294
463 L 227
469 L 226 239
454 L 231
481 L 230 300 356
476 L 233 282
477 L 235 337
472 L 236
464 L 237
474 L 241 285
490 L 242
467 L 244
487 L 245 309
482 L 246
498 L 249 287
483 L 248
489 L 251 272
496 L 256 317
