csp500
1 35 75 134
2 31 99
3 54 97
4 53
5 46 76
6 18
7 28 64
8 33 107
9 14 38 71 87
10
11 66
12 47 114
13 80
15
16 56
17 43 88
19 74
20 60 119
21 69 98 137
22
23 61 117
24 85
25 42 72
26 96
27 44 65
29 79
30 62
32 67
34
36
37 57
39 89
40
41 55 136 178
45 141
48 113
49
50 83 132 170
51 128
52 142 167
58 133 185
59 73 124 177
63 94 154
68 138 211
70
77 130 168
78 144
81 123 209
82 147
84 179
86 110 173 220
90 171
91 175
92 150 194 244
93 121
95 166
100 181
101 156 190
102 131 163 174
103 164
104 169 218 255
105 122 152 217
106 165 239
108 149 232
109 151
111 180 226 248
112 172 215 261
115 126 191 227
116 176
118 202
120 197
125 159
127 192 270
129 214
135 204
139 161 203 265
140 160 183 271
143 237
145 199
146 229 241 285
148 188 212 240 250
153 225 304
155 228
157 216 312
158 231
162
182 222 276 328
184 260 289
186 223 299
187 234 294
189 236 315
193 275
195 256 317
196 238 313
198 266
200 230 300
201 243 318
205 279 327
206 292
207 221 269 288
208 284
210 233 282
213 302
219 252 291
224 280 286 354
235 337
242 295 332
245 309 369
246 310
247 268 293 322 360
249 287 314
251 272
253 281 380
254 342
257 273 349
258 351
259 311 387
262 316
263 353
264 306
267 341
274 298
277 376
278 334
283 377 384
290 368
296 366 403
297 391 425
301 340 404
303 397
305 352 396
307
308 361 411
319 383 427
320 414
321 356 438
323
324 412
325 423
326 385
329 402
330 392
331 381
333 371 436
335 393 488
336 398 441
338 386 437
339 406
343 382 455
344 420
345 416 445
346 439 470
347 407 485
348 373 415 450
350 355
357 433
358
359 409 486
362 444
363 478
364 388 430
365 379 448
367 390 456
370 405 442 491
372 460
374 446
375 458
378 453 492
389 449
394 454
395 474
399 452
400 419 459
401 462
408 473
410 483
413 476
417 472
418 471
421 465
422 466
424 500
426 477
428 475
429 493
431 467
432
434
435 451 463
440 457 490
443 469
447
461
464
468 498
479
480
481
482
484
487
489
494
495
496
497
499
