csp500
1 35 75 134
2 31 99
3 47 108
4 54 97
5 46 76
6 18
7 28
8 33 107
9 14 38 71 87
10
11
12 53
13 80
15 96
16 56
17 43 88
19 74
20 60 119
21 69 98 137
22
23 61 117
24 85
25 42 72
26 100
27 44 65
29 79
30
32 67
34
36
37 57
39 89
40
41 55 136 178
45 128
48 103 160 189
49
50 83 132 170
51 126_D 191 227
52 142 167
58 133 185
59 73 124 177
62
63 94 154
64 123 209
66
68 138 211
70
77 130 168
78 144
81
82 147
84 179
86 110 173 220
90 171
91 175
92 150 194 244
93 121
95 166
101 156 190
102 131 163 174
104 169 218 255
105 122 162
106 165
109 151 228
111 180 226 239
112 172 215 261
113
114
115 126 196 248
116 176
118 202
120 200
125 159
127 192 270
129 214
135 204
139 161 203 265
140 160_D 183 254
141
143 237
145 199
146 229_D 238 313
148 188 212 240 250
149 223
152 217 241 285
153 225 304
155 232 271
157 216 312
158 231
164 257 273_D 349
181 267
182 222_D 276_D 326 385
184 260 289
186 223_D 299 346
187 234 294
193 275
195 256 317
197 236 315
198 266
201 243 318
205 279 327
206 292
207 221 269 288
208 284
210 229 242 291
213 290
219 252 302
222 276 341
224 280 286
230 300 356
233 282
235 337
245 309 369
246 310
247 268 293 322 360
249 287 314 407_D 485
251 272
253 281 380
258 351
259 311 387
262 316
263 353
264 306
273 345
274 298
277 376
278 336 394
283 377 384
295 332
296 366 403
297 391 425
301 334
303 397
305 352 396
307
308 361 411 453_D 492
319 383 427
320 414
321 347 407_D 487
323
324 412
325 423
328 354 416 445
329 393_D 481
330 378 453
331 381
333 371 436
335 393 488
338 386 437
339 406
340 404
342 395 480
343 382 455
344 420
348 373 415 450
350 355
357 433
358
359 409 486
362 444
363 478
364 388 430
365 379 448
367 390 456
368 439 470
370 405 442 491
372 460
374 446
375 458
389 449
392 454
398 441
399 452
400 419 459
401 462
402 474
407 489
408 473
410 483
413 476
417 472
418 471
421 465
422 466
424 500
426 477
428 475
429 493
431 467
432
434
435 451 463
438
440 457 490
443 469
447
461
464
468 498
479
482
484
494
495
496
497
499
