csp500
1 35 75 134
2 40
3 47 108
4 54 97
5 46 76
6 18
7 28
8 33 107
9 14 38 71 87
10
11 66
12 45
13 80
15
16 56
17 43 88
19 74
20 60 119
21 69 98 136
22
23 61 117
24 73 124
25 42 72
26 100
27 44 65
29 79
30 62
31 99 137
32 67_D 135 204
34 90 178
36
37 57
39 89
41 55 127
48 103 160 189
49
50 83 132 170
51 128
52 142 167
53
58 133 185
59 73_D 124_D 181 267
63 94 154
64 123 209
67 140 160_D 183
68 138 211
70
77 130 168
78 144
81
82 147
84 179
85 174
86 110 173 220
91 175
92 150 194 244
93 121
95 166
96 165
101 156 190
102 131 163 176
104 169 218 255
105 122 152 217
106 171 248
109 151 228
111 192 270
112 172 215 261
113
114
115 126 191 227
116 180 226 239
118 207 225_D 302
120 200
125 159
129 214
139 161 203 265
141
143 237
145 202 278
146 229 241 285
148 188 212 240 250
149 223
153 225 304
155 232 271
157 216 312
158 231
162
164 257 273_D 345
177 221 269 288
182 222_D 276_D 326 385
184 260 289
186 223_D 299 346
187 234 294
193 275
195 256 317
196 238 313
197 236 315
198 266
199
201 243 318
205 279 327
206 292
208 284
210 233 282
213 290
219 252 291
222 276 341
224 280 286
230 300 356
235 337
242 295 332
245 309 369
246 310
247 268 293 322 360
249 287 314 407_D 485
251 272
253 281 380
254 342 395_D 480
258 351
259 311 387
262 316
263 353
264 306
273 349
274 298
277 376
283 377 384
296 366 403
297 391 425
301 334
303 397
305 352 396
307
308 361 411 453
319 383 427
320 414
321 347 407_D 487
323
324 412
325 423
328 354 416 445
329 393_D 481
330 378 453_D 492
331 381
333 371 436
335 393 488
336 398 441
338 386 437
339 406
340 404
343 382 455
344 420
348 373 415 450
350 355
357 433
358
359 409 486
362 444
363 478
364 388 430
365 379 448
367 390 456
368 439 470
370 405 442 491
372 460
374 446
375 458
389 449
392 464
394 454
395 482
399 452
400 419 459
401 462
402 474
407 489
408 473
410 483
413 476
417 472
418 471
421 465
422 466
424 500
426 477
428 475
429 493
431 467
432
434
435 451 463
438
440 457 490
443 469
447
461
468 498
479
484
494
495
496
497
499
